0000010100000100000000110000001000000001
0000011000000101000001000000001100000010
0000011100000110000001010000010000000011
0000100000000111000001100000010100000100
0000100100001000000001110000011000000101
0000101000001001000010000000011100000110
0000101100001010000010010000100000000111
0000110000001011000010100000100100001000
0000110100001100000010110000101000001001
0000111000001101000011000000101100001010
0000111100001110000011010000110000001011
0001000000001111000011100000110100001100
0001000100010000000011110000111000001101
0001001000010001000100000000111100001110
0001001100010010000100010001000000001111
0001010000010011000100100001000100010000
0001010100010100000100110001001000010001
0001011000010101000101000001001100010010
0001011100010110000101010001010000010011
0001100000010111000101100001010100010100
0001100100011000000101110001011000010101
0001101000011001000110000001011100010110
0001101100011010000110010001100000010111
0001110000011011000110100001100100011000
0001110100011100000110110001101000011001
0001111000011101000111000001101100011010
0001111100011110000111010001110000011011
0010000000011111000111100001110100011100
0010000100100000000111110001111000011101
0010001000100001001000000001111100011110
0010001100100010001000010010000000011111
0010010000100011001000100010000100100000
0010010100100100001000110010001000100001
0010011000100101001001000010001100100010
0010011100100110001001010010010000100011
0010100000100111001001100010010100100100
0010100100101000001001110010011000100101
0010101000101001001010000010011100100110
0010101100101010001010010010100000100111
0010110000101011001010100010100100101000
0010110100101100001010110010101000101001
0010111000101101001011000010101100101010
0010111100101110001011010010110000101011
0011000000101111001011100010110100101100
0011000100110000001011110010111000101101
0011001000110001001100000010111100101110
0011001100110010001100010011000000101111
0011010000110011001100100011000100110000
0011010100110100001100110011001000110001
0011011000110101001101000011001100110010
0011011100110110001101010011010000110011
0011100000110111001101100011010100110100
0011100100111000001101110011011000110101
0011101000111001001110000011011100110110
0011101100111010001110010011100000110111
0011110000111011001110100011100100111000
0011110100111100001110110011101000111001
0011111000111101001111000011101100111010
0011111100111110001111010011110000111011
0100000000111111001111100011110100111100
0100000101000000001111110011111000111101
0100001001000001010000000011111100111110
0100001101000010010000010100000000111111
0100010001000011010000100100000101000000
0100010101000100010000110100001001000001
0100011001000101010001000100001101000010
0100011101000110010001010100010001000011
0100100001000111010001100100010101000100
0100100101001000010001110100011001000101
0100101001001001010010000100011101000110
0100101101001010010010010100100001000111
0100110001001011010010100100100101001000
0100110101001100010010110100101001001001
0100111001001101010011000100101101001010
0100111101001110010011010100110001001011
0101000001001111010011100100110101001100
0101000101010000010011110100111001001101
0101001001010001010100000100111101001110
0101001101010010010100010101000001001111
0101010001010011010100100101000101010000
0101010101010100010100110101001001010001
0101011001010101010101000101001101010010
0101011101010110010101010101010001010011
0101100001010111010101100101010101010100
0101100101011000010101110101011001010101
0101101001011001010110000101011101010110
0101101101011010010110010101100001010111
0101110001011011010110100101100101011000
0101110101011100010110110101101001011001
0101111001011101010111000101101101011010
0101111101011110010111010101110001011011
0110000001011111010111100101110101011100
0110000101100000010111110101111001011101
0110001001100001011000000101111101011110
0110001101100010011000010110000001011111
0110010001100011011000100110000101100000
0110010101100100011000110110001001100001
0110011001100101011001000110001101100010
0110011101100110011001010110010001100011
0110100001100111011001100110010101100100
0110100101101000011001110110011001100101
0110101001101001011010000110011101100110
0110101101101010011010010110100001100111
0110110001101011011010100110100101101000
0110110101101100011010110110101001101001
0110111001101101011011000110101101101010
0110111101101110011011010110110001101011
0111000001101111011011100110110101101100
0111000101110000011011110110111001101101
0111001001110001011100000110111101101110
0111001101110010011100010111000001101111
0111010001110011011100100111000101110000
0111010101110100011100110111001001110001
0111011001110101011101000111001101110010
0111011101110110011101010111010001110011
0111100001110111011101100111010101110100
0111100101111000011101110111011001110101
0111101001111001011110000111011101110110
0111101101111010011110010111100001110111
0111110001111011011110100111100101111000
0111110101111100011110110111101001111001
0111111001111101011111000111101101111010
0111111101111110011111010111110001111011
1000000001111111011111100111110101111100
1000000110000000011111110111111001111101
1000001010000001100000000111111101111110
1000001110000010100000011000000001111111
1000010010000011100000101000000110000000
1000010110000100100000111000001010000001
1000011010000101100001001000001110000010
1000011110000110100001011000010010000011
1000100010000111100001101000010110000100
1000100110001000100001111000011010000101
1000101010001001100010001000011110000110
1000101110001010100010011000100010000111
1000110010001011100010101000100110001000
1000110110001100100010111000101010001001
1000111010001101100011001000101110001010
1000111110001110100011011000110010001011
1001000010001111100011101000110110001100
1001000110010000100011111000111010001101
1001001010010001100100001000111110001110
1001001110010010100100011001000010001111
1001010010010011100100101001000110010000
1001010110010100100100111001001010010001
1001011010010101100101001001001110010010
1001011110010110100101011001010010010011
1001100010010111100101101001010110010100
1001100110011000100101111001011010010101
1001101010011001100110001001011110010110
1001101110011010100110011001100010010111
1001110010011011100110101001100110011000
1001110110011100100110111001101010011001
1001111010011101100111001001101110011010
1001111110011110100111011001110010011011
1010000010011111100111101001110110011100
1010000110100000100111111001111010011101
1010001010100001101000001001111110011110
1010001110100010101000011010000010011111
1010010010100011101000101010000110100000
1010010110100100101000111010001010100001
1010011010100101101001001010001110100010
1010011110100110101001011010010010100011
1010100010100111101001101010010110100100
1010100110101000101001111010011010100101
1010101010101001101010001010011110100110
1010101110101010101010011010100010100111
1010110010101011101010101010100110101000
1010110110101100101010111010101010101001
1010111010101101101011001010101110101010
1010111110101110101011011010110010101011
1011000010101111101011101010110110101100
1011000110110000101011111010111010101101
1011001010110001101100001010111110101110
1011001110110010101100011011000010101111
1011010010110011101100101011000110110000
1011010110110100101100111011001010110001
1011011010110101101101001011001110110010
1011011110110110101101011011010010110011
1011100010110111101101101011010110110100
1011100110111000101101111011011010110101
1011101010111001101110001011011110110110
1011101110111010101110011011100010110111
1011110010111011101110101011100110111000
1011110110111100101110111011101010111001
1011111010111101101111001011101110111010
1011111110111110101111011011110010111011
1100000010111111101111101011110110111100
1100000111000000101111111011111010111101
1100001011000001110000001011111110111110
1100001111000010110000011100000010111111
1100010011000011110000101100000111000000
1100010111000100110000111100001011000001
1100011011000101110001001100001111000010
1100011111000110110001011100010011000011
1100100011000111110001101100010111000100
1100100111001000110001111100011011000101
1100101011001001110010001100011111000110
1100101111001010110010011100100011000111
1100110011001011110010101100100111001000
1100110111001100110010111100101011001001
1100111011001101110011001100101111001010
1100111111001110110011011100110011001011
1101000011001111110011101100110111001100
1101000111010000110011111100111011001101
1101001011010001110100001100111111001110
1101001111010010110100011101000011001111
1101010011010011110100101101000111010000
1101010111010100110100111101001011010001
1101011011010101110101001101001111010010
1101011111010110110101011101010011010011
1101100011010111110101101101010111010100
1101100111011000110101111101011011010101
1101101011011001110110001101011111010110
1101101111011010110110011101100011010111
1101110011011011110110101101100111011000
1101110111011100110110111101101011011001
1101111011011101110111001101101111011010
1101111111011110110111011101110011011011
1110000011011111110111101101110111011100
1110000111100000110111111101111011011101
1110001011100001111000001101111111011110
1110001111100010111000011110000011011111
1110010011100011111000101110000111100000
1110010111100100111000111110001011100001
1110011011100101111001001110001111100010
1110011111100110111001011110010011100011
1110100011100111111001101110010111100100
1110100111101000111001111110011011100101
1110101011101001111010001110011111100110
1110101111101010111010011110100011100111
1110110011101011111010101110100111101000
1110110111101100111010111110101011101001
1110111011101101111011001110101111101010
1110111111101110111011011110110011101011
1111000011101111111011101110110111101100
1111000111110000111011111110111011101101
1111001011110001111100001110111111101110
1111001111110010111100011111000011101111
1111010011110011111100101111000111110000
1111010111110100111100111111001011110001
1111011011110101111101001111001111110010
1111011111110110111101011111010011110011
1111100011110111111101101111010111110100
1111100111111000111101111111011011110101
1111101011111001111110001111011111110110
1111101111111010111110011111100011110111
1111110011111011111110101111100111111000
1111110111111100111110111111101011111001
1111111011111101111111001111101111111010
1111111111111110111111011111110011111011
0000000011111111111111101111110111111100
0000000100000000111111111111111011111101
0000001000000001000000001111111111111110
0000001100000010000000010000000011111111
