0000000100000001000000010000000100000001
0000001000000010000000100000001000000010
0000010000000100000001000000010000000100
0000100000001000000010000000100000001000
0001000000010000000100000001000000010000
0010000000100000001000000010000000100000
0100000001000000010000000100000001000000
1000000010000000100000001000000010000000
0001110100011101000111010001110100011101
0011101000111010001110100011101000111010
0111010001110100011101000111010001110100
1110100011101000111010001110100011101000
1100110111001101110011011100110111001101
1000011110000111100001111000011110000111
0001001100010011000100110001001100010011
0010011000100110001001100010011000100110
0100110001001100010011000100110001001100
1001100010011000100110001001100010011000
0010110100101101001011010010110100101101
0101101001011010010110100101101001011010
1011010010110100101101001011010010110100
0111010101110101011101010111010101110101
1110101011101010111010101110101011101010
1100100111001001110010011100100111001001
1000111110001111100011111000111110001111
0000001100000011000000110000001100000011
0000011000000110000001100000011000000110
0000110000001100000011000000110000001100
0001100000011000000110000001100000011000
0011000000110000001100000011000000110000
0110000001100000011000000110000001100000
1100000011000000110000001100000011000000
1001110110011101100111011001110110011101
0010011100100111001001110010011100100111
0100111001001110010011100100111001001110
1001110010011100100111001001110010011100
0010010100100101001001010010010100100101
0100101001001010010010100100101001001010
1001010010010100100101001001010010010100
0011010100110101001101010011010100110101
0110101001101010011010100110101001101010
1101010011010100110101001101010011010100
1011010110110101101101011011010110110101
0111011101110111011101110111011101110111
1110111011101110111011101110111011101110
1100000111000001110000011100000111000001
1001111110011111100111111001111110011111
0010001100100011001000110010001100100011
0100011001000110010001100100011001000110
1000110010001100100011001000110010001100
0000010100000101000001010000010100000101
0000101000001010000010100000101000001010
0001010000010100000101000001010000010100
0010100000101000001010000010100000101000
0101000001010000010100000101000001010000
1010000010100000101000001010000010100000
0101110101011101010111010101110101011101
1011101010111010101110101011101010111010
0110100101101001011010010110100101101001
1101001011010010110100101101001011010010
1011100110111001101110011011100110111001
0110111101101111011011110110111101101111
1101111011011110110111101101111011011110
1010000110100001101000011010000110100001
0101111101011111010111110101111101011111
1011111010111110101111101011111010111110
0110000101100001011000010110000101100001
1100001011000010110000101100001011000010
1001100110011001100110011001100110011001
0010111100101111001011110010111100101111
0101111001011110010111100101111001011110
1011110010111100101111001011110010111100
0110010101100101011001010110010101100101
1100101011001010110010101100101011001010
1000100110001001100010011000100110001001
0000111100001111000011110000111100001111
0001111000011110000111100001111000011110
0011110000111100001111000011110000111100
0111100001111000011110000111100001111000
1111000011110000111100001111000011110000
1111110111111101111111011111110111111101
1110011111100111111001111110011111100111
1101001111010011110100111101001111010011
1011101110111011101110111011101110111011
0110101101101011011010110110101101101011
1101011011010110110101101101011011010110
1011000110110001101100011011000110110001
0111111101111111011111110111111101111111
1111111011111110111111101111111011111110
1110000111100001111000011110000111100001
1101111111011111110111111101111111011111
1010001110100011101000111010001110100011
0101101101011011010110110101101101011011
1011011010110110101101101011011010110110
0111000101110001011100010111000101110001
1110001011100010111000101110001011100010
1101100111011001110110011101100111011001
1010111110101111101011111010111110101111
0100001101000011010000110100001101000011
1000011010000110100001101000011010000110
0001000100010001000100010001000100010001
0010001000100010001000100010001000100010
0100010001000100010001000100010001000100
1000100010001000100010001000100010001000
0000110100001101000011010000110100001101
0001101000011010000110100001101000011010
0011010000110100001101000011010000110100
0110100001101000011010000110100001101000
1101000011010000110100001101000011010000
1011110110111101101111011011110110111101
0110011101100111011001110110011101100111
1100111011001110110011101100111011001110
1000000110000001100000011000000110000001
0001111100011111000111110001111100011111
0011111000111110001111100011111000111110
0111110001111100011111000111110001111100
1111100011111000111110001111100011111000
1110110111101101111011011110110111101101
1100011111000111110001111100011111000111
1001001110010011100100111001001110010011
0011101100111011001110110011101100111011
0111011001110110011101100111011001110110
1110110011101100111011001110110011101100
1100010111000101110001011100010111000101
1001011110010111100101111001011110010111
0011001100110011001100110011001100110011
0110011001100110011001100110011001100110
1100110011001100110011001100110011001100
1000010110000101100001011000010110000101
0001011100010111000101110001011100010111
0010111000101110001011100010111000101110
0101110001011100010111000101110001011100
1011100010111000101110001011100010111000
0110110101101101011011010110110101101101
1101101011011010110110101101101011011010
1010100110101001101010011010100110101001
0100111101001111010011110100111101001111
1001111010011110100111101001111010011110
0010000100100001001000010010000100100001
0100001001000010010000100100001001000010
1000010010000100100001001000010010000100
0001010100010101000101010001010100010101
0010101000101010001010100010101000101010
0101010001010100010101000101010001010100
1010100010101000101010001010100010101000
0100110101001101010011010100110101001101
1001101010011010100110101001101010011010
0010100100101001001010010010100100101001
0101001001010010010100100101001001010010
1010010010100100101001001010010010100100
0101010101010101010101010101010101010101
1010101010101010101010101010101010101010
0100100101001001010010010100100101001001
1001001010010010100100101001001010010010
0011100100111001001110010011100100111001
0111001001110010011100100111001001110010
1110010011100100111001001110010011100100
1101010111010101110101011101010111010101
1011011110110111101101111011011110110111
0111001101110011011100110111001101110011
1110011011100110111001101110011011100110
1101000111010001110100011101000111010001
1011111110111111101111111011111110111111
0110001101100011011000110110001101100011
1100011011000110110001101100011011000110
1001000110010001100100011001000110010001
0011111100111111001111110011111100111111
0111111001111110011111100111111001111110
1111110011111100111111001111110011111100
1110010111100101111001011110010111100101
1101011111010111110101111101011111010111
1011001110110011101100111011001110110011
0111101101111011011110110111101101111011
1111011011110110111101101111011011110110
1111000111110001111100011111000111110001
1111111111111111111111111111111111111111
1110001111100011111000111110001111100011
1101101111011011110110111101101111011011
1010101110101011101010111010101110101011
0100101101001011010010110100101101001011
1001011010010110100101101001011010010110
0011000100110001001100010011000100110001
0110001001100010011000100110001001100010
1100010011000100110001001100010011000100
1001010110010101100101011001010110010101
0011011100110111001101110011011100110111
0110111001101110011011100110111001101110
1101110011011100110111001101110011011100
1010010110100101101001011010010110100101
0101011101010111010101110101011101010111
1010111010101110101011101010111010101110
0100000101000001010000010100000101000001
1000001010000010100000101000001010000010
0001100100011001000110010001100100011001
0011001000110010001100100011001000110010
0110010001100100011001000110010001100100
1100100011001000110010001100100011001000
1000110110001101100011011000110110001101
0000011100000111000001110000011100000111
0000111000001110000011100000111000001110
0001110000011100000111000001110000011100
0011100000111000001110000011100000111000
0111000001110000011100000111000001110000
1110000011100000111000001110000011100000
1101110111011101110111011101110111011101
1010011110100111101001111010011110100111
0101001101010011010100110101001101010011
1010011010100110101001101010011010100110
0101000101010001010100010101000101010001
1010001010100010101000101010001010100010
0101100101011001010110010101100101011001
1011001010110010101100101011001010110010
0111100101111001011110010111100101111001
1111001011110010111100101111001011110010
1111100111111001111110011111100111111001
1110111111101111111011111110111111101111
1100001111000011110000111100001111000011
1001101110011011100110111001101110011011
0010101100101011001010110010101100101011
0101011001010110010101100101011001010110
1010110010101100101011001010110010101100
0100010101000101010001010100010101000101
1000101010001010100010101000101010001010
0000100100001001000010010000100100001001
0001001000010010000100100001001000010010
0010010000100100001001000010010000100100
0100100001001000010010000100100001001000
1001000010010000100100001001000010010000
0011110100111101001111010011110100111101
0111101001111010011110100111101001111010
1111010011110100111101001111010011110100
1111010111110101111101011111010111110101
1111011111110111111101111111011111110111
1111001111110011111100111111001111110011
1111101111111011111110111111101111111011
1110101111101011111010111110101111101011
1100101111001011110010111100101111001011
1000101110001011100010111000101110001011
0000101100001011000010110000101100001011
0001011000010110000101100001011000010110
0010110000101100001011000010110000101100
0101100001011000010110000101100001011000
1011000010110000101100001011000010110000
0111110101111101011111010111110101111101
1111101011111010111110101111101011111010
1110100111101001111010011110100111101001
1100111111001111110011111100111111001111
1000001110000011100000111000001110000011
0001101100011011000110110001101100011011
0011011000110110001101100011011000110110
0110110001101100011011000110110001101100
1101100011011000110110001101100011011000
1010110110101101101011011010110110101101
0100011101000111010001110100011101000111
1000111010001110100011101000111010001110
