0001000000001000000001000000001000000001
0010000000010000000010000000010000000010
0100000000100000000100000000100000000100
1000000001000000001000000001000000001000
0001110110000000010000000010000000010000
0011101000011101100000000100000000100000
0111010000111010000111011000000001000000
1110100001110100001110100001110110000000
1100110111101000011101000011101000011101
1000011111001101111010000111010000111010
0001001110000111110011011110100001110100
0010011000010011100001111100110111101000
0100110000100110000100111000011111001101
1001100001001100001001100001001110000111
0010110110011000010011000010011000010011
0101101000101101100110000100110000100110
1011010001011010001011011001100001001100
0111010110110100010110100010110110011000
1110101001110101101101000101101000101101
1100100111101010011101011011010001011010
1000111111001001111010100111010110110100
0000001110001111110010011110101001110101
0000011000000011100011111100100111101010
0000110000000110000000111000111111001001
0001100000001100000001100000001110001111
0011000000011000000011000000011000000011
0110000000110000000110000000110000000110
1100000001100000001100000001100000001100
1001110111000000011000000011000000011000
0010011110011101110000000110000000110000
0100111000100111100111011100000001100000
1001110001001110001001111001110111000000
0010010110011100010011100010011110011101
0100101000100101100111000100111000100111
1001010001001010001001011001110001001110
0011010110010100010010100010010110011100
0110101000110101100101000100101000100101
1101010001101010001101011001010001001010
1011010111010100011010100011010110010100
0111011110110101110101000110101000110101
1110111001110111101101011101010001101010
1100000111101110011101111011010111010100
1001111111000001111011100111011110110101
0010001110011111110000011110111001110111
0100011000100011100111111100000111101110
1000110001000110001000111001111111000001
0000010110001100010001100010001110011111
0000101000000101100011000100011000100011
0001010000001010000001011000110001000110
0010100000010100000010100000010110001100
0101000000101000000101000000101000000101
1010000001010000001010000001010000001010
0101110110100000010100000010100000010100
1011101001011101101000000101000000101000
0110100110111010010111011010000001010000
1101001001101001101110100101110110100000
1011100111010010011010011011101001011101
0110111110111001110100100110100110111010
1101111001101111101110011101001001101001
1010000111011110011011111011100111010010
0101111110100001110111100110111110111001
1011111001011111101000011101111001101111
0110000110111110010111111010000111011110
1100001001100001101111100101111110100001
1001100111000010011000011011111001011111
0010111110011001110000100110000110111110
0101111000101111100110011100001001100001
1011110001011110001011111001100111000010
0110010110111100010111100010111110011001
1100101001100101101111000101111000101111
1000100111001010011001011011110001011110
0000111110001001110010100110010110111100
0001111000001111100010011100101001100101
0011110000011110000011111000100111001010
0111100000111100000111100000111110001001
1111000001111000001111000001111000001111
1111110111110000011110000011110000011110
1110011111111101111100000111100000111100
1101001111100111111111011111000001111000
1011101111010011111001111111110111110000
0110101110111011110100111110011111111101
1101011001101011101110111101001111100111
1011000111010110011010111011101111010011
0111111110110001110101100110101110111011
1111111001111111101100011101011001101011
1110000111111110011111111011000111010110
1101111111100001111111100111111110110001
1010001111011111111000011111111001111111
0101101110100011110111111110000111111110
1011011001011011101000111101111111100001
0111000110110110010110111010001111011111
1110001001110001101101100101101110100011
1101100111100010011100011011011001011011
1010111111011001111000100111000110110110
0100001110101111110110011110001001110001
1000011001000011101011111101100111100010
0001000110000110010000111010111111011001
0010001000010001100001100100001110101111
0100010000100010000100011000011001000011
1000100001000100001000100001000110000110
0000110110001000010001000010001000010001
0001101000001101100010000100010000100010
0011010000011010000011011000100001000100
0110100000110100000110100000110110001000
1101000001101000001101000001101000001101
1011110111010000011010000011010000011010
0110011110111101110100000110100000110100
1100111001100111101111011101000001101000
1000000111001110011001111011110111010000
0001111110000001110011100110011110111101
0011111000011111100000011100111001100111
0111110000111110000111111000000111001110
1111100001111100001111100001111110000001
1110110111111000011111000011111000011111
1100011111101101111110000111110000111110
1001001111000111111011011111100001111100
0011101110010011110001111110110111111000
0111011000111011100100111100011111101101
1110110001110110001110111001001111000111
1100010111101100011101100011101110010011
1001011111000101111011000111011000111011
0011001110010111110001011110110001110110
0110011000110011100101111100010111101100
1100110001100110001100111001011111000101
1000010111001100011001100011001110010111
0001011110000101110011000110011000110011
0010111000010111100001011100110001100110
0101110000101110000101111000010111001100
1011100001011100001011100001011110000101
0110110110111000010111000010111000010111
1101101001101101101110000101110000101110
1010100111011010011011011011100001011100
0100111110101001110110100110110110111000
1001111001001111101010011101101001101101
0010000110011110010011111010100111011010
0100001000100001100111100100111110101001
1000010001000010001000011001111001001111
0001010110000100010000100010000110011110
0010101000010101100001000100001000100001
0101010000101010000101011000010001000010
1010100001010100001010100001010110000100
0100110110101000010101000010101000010101
1001101001001101101010000101010000101010
0010100110011010010011011010100001010100
0101001000101001100110100100110110101000
1010010001010010001010011001101001001101
0101010110100100010100100010100110011010
1010101001010101101001000101001000101001
0100100110101010010101011010010001010010
1001001001001001101010100101010110100100
0011100110010010010010011010101001010101
0111001000111001100100100100100110101010
1110010001110010001110011001001001001001
1101010111100100011100100011100110010010
1011011111010101111001000111001000111001
0111001110110111110101011110010001110010
1110011001110011101101111101010111100100
1101000111100110011100111011011111010101
1011111111010001111001100111001110110111
0110001110111111110100011110011001110011
1100011001100011101111111101000111100110
1001000111000110011000111011111111010001
0011111110010001110001100110001110111111
0111111000111111100100011100011001100011
1111110001111110001111111001000111000110
1110010111111100011111100011111110010001
1101011111100101111111000111111000111111
1011001111010111111001011111110001111110
0111101110110011110101111110010111111100
1111011001111011101100111101011111100101
1111000111110110011110111011001111010111
1111111111110001111101100111101110110011
1110001111111111111100011111011001111011
1101101111100011111111111111000111110110
1010101111011011111000111111111111110001
0100101110101011110110111110001111111111
1001011001001011101010111101101111100011
0011000110010110010010111010101111011011
0110001000110001100101100100101110101011
1100010001100010001100011001011001001011
1001010111000100011000100011000110010110
0011011110010101110001000110001000110001
0110111000110111100101011100010001100010
1101110001101110001101111001010111000100
1010010111011100011011100011011110010101
0101011110100101110111000110111000110111
1010111001010111101001011101110001101110
0100000110101110010101111010010111011100
1000001001000001101011100101011110100101
0001100110000010010000011010111001010111
0011001000011001100000100100000110101110
0110010000110010000110011000001001000001
1100100001100100001100100001100110000010
1000110111001000011001000011001000011001
0000011110001101110010000110010000110010
0000111000000111100011011100100001100100
0001110000001110000001111000110111001000
0011100000011100000011100000011110001101
0111000000111000000111000000111000000111
1110000001110000001110000001110000001110
1101110111100000011100000011100000011100
1010011111011101111000000111000000111000
0101001110100111110111011110000001110000
1010011001010011101001111101110111100000
0101000110100110010100111010011111011101
1010001001010001101001100101001110100111
0101100110100010010100011010011001010011
1011001001011001101000100101000110100110
0111100110110010010110011010001001010001
1111001001111001101100100101100110100010
1111100111110010011110011011001001011001
1110111111111001111100100111100110110010
1100001111101111111110011111001001111001
1001101111000011111011111111100111110010
0010101110011011110000111110111111111001
0101011000101011100110111100001111101111
1010110001010110001010111001101111000011
0100010110101100010101100010101110011011
1000101001000101101011000101011000101011
0000100110001010010001011010110001010110
0001001000001001100010100100010110101100
0010010000010010000010011000101001000101
0100100000100100000100100000100110001010
1001000001001000001001000001001000001001
0011110110010000010010000010010000010010
0111101000111101100100000100100000100100
1111010001111010001111011001000001001000
1111010111110100011110100011110110010000
1111011111110101111101000111101000111101
1111001111110111111101011111010001111010
1111101111110011111101111111010111110100
1110101111111011111100111111011111110101
1100101111101011111110111111001111110111
1000101111001011111010111111101111110011
0000101110001011110010111110101111111011
0001011000001011100010111100101111101011
0010110000010110000010111000101111001011
0101100000101100000101100000101110001011
1011000001011000001011000001011000001011
0111110110110000010110000010110000010110
1111101001111101101100000101100000101100
1110100111111010011111011011000001011000
1100111111101001111110100111110110110000
1000001111001111111010011111101001111101
0001101110000011110011111110100111111010
0011011000011011100000111100111111101001
0110110000110110000110111000001111001111
1101100001101100001101100001101110000011
1010110111011000011011000011011000011011
0100011110101101110110000110110000110110
1000111001000111101011011101100001101100
0000000110001110010001111010110111011000
0000001000000001100011100100011110101101
0000010000000010000000011000111001000111
0000100000000100000000100000000110001110
