00000001
00000010
00000100
00001000
00010000
00100000
01000000
10000000
00011101
00111010
01110100
11101000
11001101
10000111
00010011
00100110
01001100
10011000
00101101
01011010
10110100
01110101
11101010
11001001
10001111
00000011
00000110
00001100
00011000
00110000
01100000
11000000
10011101
00100111
01001110
10011100
00100101
01001010
10010100
00110101
01101010
11010100
10110101
01110111
11101110
11000001
10011111
00100011
01000110
10001100
00000101
00001010
00010100
00101000
01010000
10100000
01011101
10111010
01101001
11010010
10111001
01101111
11011110
10100001
01011111
10111110
01100001
11000010
10011001
00101111
01011110
10111100
01100101
11001010
10001001
00001111
00011110
00111100
01111000
11110000
11111101
11100111
11010011
10111011
01101011
11010110
10110001
01111111
11111110
11100001
11011111
10100011
01011011
10110110
01110001
11100010
11011001
10101111
01000011
10000110
00010001
00100010
01000100
10001000
00001101
00011010
00110100
01101000
11010000
10111101
01100111
11001110
10000001
00011111
00111110
01111100
11111000
11101101
11000111
10010011
00111011
01110110
11101100
11000101
10010111
00110011
01100110
11001100
10000101
00010111
00101110
01011100
10111000
01101101
11011010
10101001
01001111
10011110
00100001
01000010
10000100
00010101
00101010
01010100
10101000
01001101
10011010
00101001
01010010
10100100
01010101
10101010
01001001
10010010
00111001
01110010
11100100
11010101
10110111
01110011
11100110
11010001
10111111
01100011
11000110
10010001
00111111
01111110
11111100
11100101
11010111
10110011
01111011
11110110
11110001
11111111
11100011
11011011
10101011
01001011
10010110
00110001
01100010
11000100
10010101
00110111
01101110
11011100
10100101
01010111
10101110
01000001
10000010
00011001
00110010
01100100
11001000
10001101
00000111
00001110
00011100
00111000
01110000
11100000
11011101
10100111
01010011
10100110
01010001
10100010
01011001
10110010
01111001
11110010
11111001
11101111
11000011
10011011
00101011
01010110
10101100
01000101
10001010
00001001
00010010
00100100
01001000
10010000
00111101
01111010
11110100
11110101
11110111
11110011
11111011
11101011
11001011
10001011
00001011
00010110
00101100
01011000
10110000
01111101
11111010
11101001
11001111
10000011
00011011
00110110
01101100
11011000
10101101
01000111
10001110
